1159078494397173761
1234796463026298882
1336610595026710529
378280914
2841044030
1010428693401858049
1424325480166006789
1375487737701281795
1345328616259764224
1449659432779108355
1366358868356308996
1294616815880945664
1283683871087706113
1336690076550512640
2331890088
1033407569673379841
1339879634884644865
756120180648910848
929357853990649856
1268977005719982086
832834912256299008
1269961920494178304
1389550693392916481
1406157643480141826
2387310038
4574283912
1171012996723699712
1292741777695416320
14555408
1403009963698515972
514324896
1429405137198452736
1276137365245853698
1037003353849581568
1288720008642564096
1349734946940751874
830999894
1382825222093598722
1419675113184645123
1347345782190477312
1267759638230872065
1294993153896767489
1349601468706263041
1361315908992393221
1269326120286973952
1419118662049583104
1423272380093239300
363130934
1366983989093801986
1405351110768939010
1349876330150711297
141627220
1386552337221787649
1427558611325112320
1344466450111672321
988971432456654849
1436914142800084995
995265275481284608
1413480523461058562
1404849002072317952
1285501984888557569
1260509983638056963
4492447474
1317199442777415681
2891463597
1260881050005315586
1404933060877979648
284378722
1376776052
1453004764212563991
292334313
2722041042
1448823297743851520
942363254
347187999
2215663663
1387450174990020610
1434831080134225933
1205233693092134912
952820028839088128
2720051267
1411369905547583491
1419791729172127746
1682859247
1262801806008205314
965520247653515264
16988467
1412397310479245313
1355842825686925312
1346835412317253634
971465381960445953
1419664649478451203
1450733352093368322
1334061338943950848
736662723824635909
245027772
1068732830031773701
1069804347922489344
1122835660153528320
1044462728813965312
1072820204730757121
1075012219128217600
1356163969594097665
1061183313581367296
1064458059030904832
1042011023694286848
1026763113352359936
1268198373422743553
814805693832294400
1239991013227233280
3148567736
1285535136491044865
1148910339523829761
961594232799608832
188215032
345735308
1288467846687670272
1238139647093596166
1285261576124149761
1312644914698752000
1303986539441975296
1288879823339880448
570453114
845452518171684864
318803763
1343018065747877889
217278869
1291122277933879297
214117136
1263502994466881536
1002654532160012288
1149764313860706305
1390721562857385989
1014569199560257538
3454275615
398723308
1008990195432218624
1056250066103689216
928350524
1228475765530021891
794519838735691778
980800611309576193
1135815042262327296
983298029540212736
1240584055558725632
931174639006601216
3581925493
918916281998495745
711429013537988610
708035432684978176
948966615831535616
1218815612207730689
1247248366586802177
990994747975262210
832289505264545793
2269274839
1212972979597934592
65671909
1258145813697617921
1213811628698787840
1053713247797428224
821530128891203584
1226526062097715200
47941897
1349424270468763648
1142673360620593152
1300803654849626112
4830504616
947761181036613633
882875517220900864
894989594558595078
1117642818388934657
1257037019722719235
1217070428096802816
1143904805406019585
879708205458305024
879649214866706433
830834615933870080
947963635090980865
54983377
1112073426762690562
1098664778422206464
1123610845101969408
1246157111215652866
1251552534021488641
708431795671470080
1108958322667876354
1086531798945943552
3055275449
1277512656383905798
1213731079061815297
291632265
383397132
1045718286133014528
1263929298739757057
981488167000985603
1298323891643973632
1288419818815647745
294540542
1379855783756709894
1057131339470770177
1365636179631222790
1179357678482677760
1246000399753949184
1002213596586299392
1247988970237067265
1248062067761872902
800966843393572864
1055916915317788677
267669423
1263432576401846272
743518465286340609
1056497248941547521
742630500259528704
1241765618623414273
592164316
1106568761526624256
930196057874722817
995366885624442880
1247863323280003073
1250644145648963584
1345853479307403264
1365385186364567553
1910818964
1284607390646710273
1255999183049363458
1278814060562259968
1271182448186048518
1027102381824069632
1087232156018139138
1025833276009861127
962284738005389313
1280758544447336448
1291935657087119361
1440340545948119048
1283582815532007424
1420382148192870407
1406851043586158592
1351751524641169408
1431235106367164432
1252284264676237314
1427831493154463744
1290906137915613185
1297457829658284032
968142979
1366386772314259459
1377357802314813453
1437327460631134213
1359489177004425216
1367350628725354496
1232431948779229187
1347372140538941440
1284868350531842049
772087200884195329
1341600271609151488
1264344501977403392
1438813696143159296
1271231360263315456
1115112938841333760
835708991019745280
1195107779037544448
1426769226279309312
1253260341275840513
1166547879017607168
1409150319603372035
828471660906819584
1431075283461758979
1314027058306056192
1419932895943270419
1418103566477107201
1101661268329594881
1354087165358206977
1317542570843688960
4706799985
1407199324438765571
1327429346718482434
1010426840081575937
1095128526410240000
1180310358692524032
1268742642847932416
1432515075097694210
381452054
1417658645714673664
1346994160780263424
1207516295349985280
2506702122
1392134046398959616
1316463614887428096
57625073
1272100910601142273
1244524520020430851
1334109882933395456
1387551855253680130
1412247637604978688
1236336077192847361
1275420074233548806
1222830618247147520
360933986
1267180261080535040
1188471499843424258
1300395992295104513
1351352112530087938
254040860
968849917782368256
1103028354717044736
1230410541547560960
847598138906955777
2825171829
794481524
819165777156853760
347655070
2459061450
305384896
1170040991157489664
32511075
1369322228362469390
886419057322348545
1241209249008582658
1422624483702054915
1013967931745689605
136575366
1426675133196996614
1258377070511632385
1346913773156790279
15286685
1003585113714593794
954836156
1018184783782862849
1034307633677828096
7438552
250477961
1331076363315384323
36912627
396420476
1420497584016134144
927304809371316224
3824997029
226095455
1434035867966840838
535111016
928234442203820036
233939592
1180225904108171264
331489414
957070498839478273
93953785
1320444793084891139
1401871680025333765
1412741971257573382
1363776080381833220
1397457208938356739
970737182741880834
1243565078894596104
836271002
1127591090
1210380042712289285
618722891
1240311961985957891
747973738885419008
1337970057654091777
1367647009495261185
1137129085673410560
990956551
1409329636954148869
1411179656934432782
1432023567726743555
1407193297681068035
1410967736935714831
1421437093071314944
1338080489115176960
303495844
1437380637091008515
2177824838
626045472
135251719
1376132697798680577
1445694790310322177
213538128
1321130781054554112
1363774725462257667
1240512289113026560
1202772221975912448
902124726
110782204
1281563521394909189
1197894770988851200
1433513734735990830
2426415059
1174155233582145537
842170234417094656
1159958966153015296
714681863487545346
355619701
2166932060
803162785748238336
806541621416382464
727190868411691008
788083785241862145
1235998071785484288
1251471355536715777
1219631157622472704
1213264397348392961
1214950493463568385
1425376680051314693
1215224180532109312
116373344881892147340365453
1232271051591180290
755706583561011200
720739197330403328
163268915
1124575402205241344
1391406035622002692
59606040
1356361619962400769
1491890215
852769127257198593
2923242008
1367261865059909633
3287712416
6216792
1207566686
1227575132140359680
1386978484082249728
96216057
870506397103833088
1118719219569311744
1248259496264130561
1207494461963374597
1287620102
119992486
1422617388009226247
1400439667514691591
1303873520
1424558897927393289
987166537571123202
1106430806
1434884368116305920
1269107588576112640
924873123387793408
1402209205579390982
878992355486871553
1867189656
1162944823457792003
570104652
1343254922922344449
83106614
1361472942849155072
762622076284915712
4340882370
976400760299651072
137030326
192088826
1370384748929945603
1231117073230643200
1375866427
2992054448
1272770461357584384
576339923
158349080
1696633544
1276897886668800000
1219155179561521152
1036778724
992724216809127936
1287724171145994240
1021646781069676549
302521184
1333223264047431681
1357632607807107072
795457524610768896
255493944
996701778
347443535
1207891730806329344
1385709282
1140903136653168642
940928403171168256
4025220353
255471924
335324325
3130780372
52719044
817478777299050496
475954041
413906000
988658934
825859386
877151043540275200
866725169032818688
1605694716
502044158
2470554157
2677769250
785408959364665344
2179651
3300808913
128753624
49079553
2955103529
1872223814
2263964310
2560789458
857160594
3346659106
2984380845
359307746
2711046147
1072787867750096897
1280246722942455810
878798727846277120
854315149359955968
214101290
1163528392597286913
1344944688059600897
991374373486583808
965642526957940739
1349077228437590023
992330620012548098
1344608988143489025
1085692694431784960
1107361733780353025
1313866805715382272
1068905748732760064
1408318210244370434
1321889206101254145
4881970084
1118819394212118528
1118146927680528389
93261583
1003740894640705537
548215589
1296502173791068164
4777863803
819488109591199745
2956110604
1363878488369995778
1332571615637483525
808582824521502721
1036906261487476736
948554375227674624
1062216804393615360
1111506537854443520
283659661
1381303170903666688
294290446
999260732050067456
1306135798463582208
1177329437152546817
854187452420018176
1344675909538881536
1045236247407611904
843590291626115072
1054369631442558976
1077432349997047808
946424698010824705
244744787
2942188487
1369805791126056965
1272641766592831489
3385486810
911391324447928320
2375489911
1036916659997556736
1313854801768112129
1021262079662198785
1292844421306867719
1048127147532017665
1199067854
228616648
910683006339182592
713283391291006976
1242435225201901572
1347625561
1422320488865480706
1052189515882754048
386862116
2379233838
1262702922565144576
1031500915520532480
1032918663203102720
19523962
1080218026526629890
749990961443319809
816705611643715584
1219744155024445442
3018793484
1195370000665710592
2591850408
1310912587
1222944019275231232
2800255112
1209337894856351744
1410439780194668546
1230440414341160961
549734726
470426763
925561028469035008
1361397567519481856
1371109002722033667
1209068499055906818
247445328
1249241545594875904
2403286375
1035129951358529536
142696927
1379759475301748738
1031448651669757952
1278023987138899970
802513729543868417
3124112591
1035286829052907527
2749754251
597517815
743450156616531968
1083005594557210625
3414509973
4706980394
489182883
598682334
1122618943225643009
813279088865644544
2198375964
1384702822805958659
387352636
19178148
1186556215767252992
4064423659
3190270708
1193597112421933058
1197411074129244161
972731556459552769
1276548550353137666
1248855864544342017
1154643970443501568
1215218674459525120
474834093
1309505310206439430
1376445608941088769
1234418984298188805
1136197682056388608
1224947610152251392
1407061022842761218
4833916325
922897519448854539
1319072465398579200
2400492211
1380616878192738310
1095941857299910656
1362747859238604800
1250513709123895296
1207558778842947584
1242712352593715202
1345699460379254785
1399988847669350404
327226381
725910660157067264
3431730197
1385159177178271745
334095331
1217792416268390401
720222156831850496
938849337685053440
1187289127361941504
1090606091061420032
1280908410070982656
1355425997294858241
1397609232296468483
1167303027503403008
1386040108097417216
1014567010175369216
782199388408012801
1235154463901585413
1019243453828485121
613462729
2493875932
1291051676867211268
3384606405
1259184825946329096
276370580
41329253
888799097871839232
302142017
584636410
1358381292933558274
1206584459014918145
1273302278947123205
923612972345311232
1377607239813496833
1199969351786532865
1357561231637237768
2467962316
1259179053917102081
2998157974
968392946901925888
1235442543946498048
2260223334
1131511055086174208
2388332062
903963111643865091
750266785308536833
1143179647267606529
224760895
1035293907884552192
3002001875
252438121
239353891
216809646
994601373516824577
715413904822824960
1283251551817986048
1020369228162043904
1177530422
1451142846380220418
1440017850693992452
216744329
1350268039430692866
729638560807194624
1348894036627660804
593342422
2998375994
1302517222288523264
998148377475985408
1138516942665474049
1070597166174035971
356011394
1062597534072401920
940257099598172161
1234851324354793472
910346614518185984
2795799656
1303719513490325505
1181183627922677769
790990550
1022700949658316801
714863896415375360
73062330
1247184433167437825
132198476
2794305480
1423217669843689477
1030687104026730496
398761784
2266847354
1208300365
611920115
1399642398561652738
1260649473442750466
1209734682759368705
2887701588
95410045
841690782016913408
164666591
304067927
2232505596
1148569631457710081
151506167
1724555210
1352473062885748736
1255473040462413824
748970485061447680
1240343677010092036
4919392720
2656086456
884504439754719234
1026416361164222464
1278665305611517953
2306318958
1181091672
1144818627134263297
424307453
3220871185
2789817234
1361278708380753920
944894729304633344
1225160176883458048
1607983273
2375400553
383412949
563672403
926151987254693888
1020525461615665152
1026681586614501376
36788956
3221146339
513051520
141521806
758987688280068096
213328236
1086471334689792000
887436494
1226329849003986950
856933753381408769
904251667687673856
781950626943021056
1152718499225264130
1246118803785859078
1695991916
25567448
1353283196
1102291177724960770
1214687757072785408
1234338878728941568
1232481295
219111354
966750799354310656
1020564176
1607226126
56008220
1211015445471346688
87588593
1289941134614159360
76691547
1059501549460819969
1179935293031497728
932803485560479744
555604976
1062299658540716032
27229405
1321642225600761856
1233575395389100033
1038968592958668800
1000017357534883840
231988714
529475025
971970068518076417
4078603822
1245814908161339397
61922381
17922534
620107148
946451404029341696
1183694592433983489
184580811
1061998334
53311422
3259544825
225290436
228520516
799748599336861696
1082586916044894208
1549708784
1317748891
1152311070029053952
975967430643257345
578762628
450981582
147082647
1179183208195395584
236098044
38064007
850358230618427392
600678980
3377875227
1267499504942579720
102238423
1211921428641021952
1084648898331852800
708812011224825860
788163054
1235478242141843456
912357063673761792
1322603745750994944
120239522
4575413735
706646642
879229057786933248
758229732748062721
2967380009
945163204153544704
41228046
1018069233865981953
198393228
2166943101
1617829765
1420934202
2834843981
1265256742054756352
2834271215
738357415993806848
3092296437
2890595949
1633710211
154168156
902407097442324480
1379885413263872007
954757539090100224
3114693488
877454535131844612
1389578521
780835464236244992
923648682771337216
1122614814398918657
2543845405
1239512392381366272
91635777
847763366621974528
961635327826890753
1271466985180794881
2904680445
951462289261113346
1004682069920894976
1061005403109105669
1189585280107515904
1357579819
1257122561831428098
372358849
2766540455
15000405
1070647675492667392
1138812720768143361
1167381148151894016
872518463972982784
2819670000
971914509379162113
206650722
1123528448331456512
3612384374
1164049873198637057
1167841287728521217
1071440735700967424
1337838675909021697
1142313184738590722
234481857
1272785752531836929
1035485896949329920
1165678284182605824
1321823275660595203
978857755883835393
1022792756073259008
418518140
2587685396
50559251
1828018262
1306079184217952256
133321253
1244510216730882050
919133980905103360
4848532433
1332853443099181057
935303287
881956772
851485253973688320
2897889041
1042775050691256321
834906560
1289601999734861828
1281622850483507203
632925130
713332576975454209
840846926052511744
1124620590306951168
996172262268178432
1100359007619944449
4692032790
914655492
3277477188
1033403139393769472
1864613910
2238778417
34607851
2744426941
1145021321199247360
461356165
122460720
3389696981
1277866565778706433
16489679
1951619215
4905816724
2778217562
4831047668
4541929757
1283689295824539648
1437246230510247936
865126033
1154718576085032960
1375054950565302280
1398103016
951801221811179520
1128799927
809743116630519808
1365347309517762564
1158739150104694786
1350592598365376513
1272293895980924938
1156293301676331008
1321964058
1464289752
2535411684
1146724610081218560
950812937970765829
917097191751249922
1863844626
252761481
1254473749820211209
769828307483430912
1245131370285932551
725000949534699521
338976083
1093037651769376768
1111277965717979136
1179093292753002497
1294559965022244865
549948660
1559038640
930802544514760704
1029952722622210049
118184874
1161224436114046976
1934210774
1311004705171140611
1073815257368416256
1019129146688106497
2586061640
778638864508477440
1226507400716394498
1136239143833481216
1111168894432174080
1355126140176891909
910271733462130688
293694712
1269657317697437696
1087692896038514688
119863957
856691491
291834402
1323976717183164416
1243833610693685251
1243143362
759251708526620672
536517872
1167983588060672000
1143868847264583682
818684277814595584
111600585
1239945256243773444
917769772573642752
1498733414
2720131461
1153959631762395137
955146074188058625
1334364005704450050
1127275742805594112
969990580313972736
891090066
1358627454764605442
1287685619964157952
848856282786177024
893849922826620928
1091168077910339586
816290468350672897
916386928169291777
858295286136848384
4148099533
1284463241029201920
1181569021981970432
1180499818982100992
1385572988024614912
2766249896
2746040642
1433702154414477322
875335437019217924
1103659226759610368
2391935403
4838859250
1247505958508662784
1141425376587128838
2313274468
1348248645569753090
2273675795
1331243438805643264
142181151
1177634730965118976
2504524922
1187372311604858882
1234167461206867968
1199460614030135296
4236451217
1073002167206854658
3081898777
1074455253448310785
1240528351724310529
722857916592578564
1368321862871224322
844932541555658752
1092006794
1391878549695574019
2386165122
1373324251877535749
1070830112524918785
847836889
880355196945260544
1070057591311622151
1087814725
717869858424119296
3759203174
2844659238
885851942458621953
2819979030
1089605773448151047
1036244930878992384
3116080029
1063762964489080833
1324409095
706204107422490624
2813370264
410583169
876541081646772224
1062320885401575424
40713955
1239211457402810368
13061662
194962896
381098947
255814275
3309131935
1436446846285647874
907246319781195776
941308716778913792
1457638141
1249449334405394432
312137720
871924250784825344
873786648013787137
1190983527266959360
702808755
192547775
1448337355476242440
545925646
2426526207
1293020610046464000
734105656962121728
1593980048
1233394431077863426
305756922
2943279970
1403240826247942147
1215315677529149441
24454091
1092430255992815617
2263105532
1969019774
1276908406130032640
1175432790919303172
575655869
1329718948678365185
950052785814474753
149678905
19950493
3393706864
1302690281557458944
1306860001261215744
124870267
3021258574
1334147861014061056
196629002
1307774514097422336
3373146857
1314219376443187200
1317350210096463873
1165165577209622528
38839573
716706257151897601
947890531
26561200
4841330603
893533226
2516920201
63861730
1695034435
785306845955194881
1198871089
2468749700
1271751896475283457
1391106150679162880
1407903082059497472
1301081665645629440
737636808
943250611
1005252329606647808
964460759345332224
1362423893345013765
1326448135518892034
751295607944257536
1355937462409981953
1366340666142384132
6278942
1364199383630114820
1334008582170312705
1385412205202444296
1065440249742905346
1147587449822093313
1290154878501662720
1174355594364346368
1280935504758796288
1085150507411238912
1386452219399184390
23104651
854211659719557120
1013318966
893164265028431872
1130500313096556549
1129730344154873856
422275899
1294073187735441409
81019144
521241476
1210415181970300928
976851475606507522
1092545699730939904
1185885995893346309
54283925
2219270682
1391850246741757952
1321144114629410816
1364509994326978563
896823706831466498
1327882136192307200
1210715854113034240
1273433096059105281
1289387850773872641
1242043192108818436
525237685
1225871388369661953
879197587995328512
1263729065539670016
1317515484145831942
1337354308501696512
1377910448754860035
2395357434
176849941
752330143
1073032664
1124297838
924634793710567426
1211243063277805568
1246300189901668357
1245997916260573185
33220754
716679392982929409
956495126
989918001855021056
1248442060975243264
1223997554251026432
1342830460574064640
1333674338885664768
1328637041580584963
147380637
1351369815101992962
1327520039096840197
1073613782042230786
1379911360423866370
747708102330433536
822043057856151553
3247430929
4305018132
1366053434198134787
1324273519375446016
1325178989841838081
1364908985682325507
1328378704880406528
1374376024419360780
1331032772429946885
112932815
1113571753639288832
1287230944043204608
894314311484665856
736370437
849597075746545665
1280023200177537028
1352606171954372614
1281576765672927232
1375663536257519617
82633795
1245887707609542657
1376659193248223235
278644890
1391068052603682820
819505062800191488
48029000
4073421142
1235395451932643328
1333569017664180224
710662236797325313
352529588
158156805
1437807312417198091
187222656
1330310510793945088
1382894354
607726023
721338196639014912
2533109552
1141257704
1079987244189081601
1107321819927900160
359615662
3256927757
1332526421336416257
322744756
4901900080
896902129
1435642456905814019
239379941
1402951895656902656
127535819
4877566391
138628711
1235037998695276546
3432183972
713028058207358976
771820890
19625528
53906826
1253401514028273665
151039885
159095242
40433343
2842143383
273819343
997962380960256000
167429596
911754905836236801
729655337037533184
2998255182
912644950210125825
1499810696
1383141685144748033
708908895226437632
1029860557564923907
2913268724
1418043102267334656
1179479251
735814251500195842
2301179631
1542328532
141654491
122176606
363188262
447528817
712039945695862790
1232237040579883008
1382958010344030210
49893483
186926290
1121556114
1369041065441918978
2480042229
365640187
1105918584637796357
1055910871690604544
338700402
1371725877956857865
41775963
156579343
447464838
167342139
377049957
1398598237041332226
67164603
78749859
770756809334325248
3170445873
1135173342410022912
146431317
1301694950
195890979
1377290182232305664
138139650
776080579989278720
298667032
250178903
1123028807332581376
1143894122765438976
1140387057547776000
601244005
310839527
3569559737
227898986
1390821676393304067
4830229167
956826860566056960
2949615317
897552907
1130147547408982017
3125927839
3133044931
380581168
161276462
535959742
1499372328
1312147199405555713
77817016
1273579237988065285
2465058937
1233533119
762126672
2924328862
438224887
1120732637298077702
1261317151635443713
460420867
599548173
3002624357
1424573456029347840
3397244179
7425482
762349876814360576
63646739
196843793
208654573
1221438059939614724
968405901144215552
235792992
2937226749
1346136537830985729
84502444
138783158
138929943
872336052
226586341
1320415854001938432
1163733448818921473
40365453
216746398
236681060
1245769848484847616
1315551732974317570
84245889
957831788293836800
121610846
1949424703
253020963
944737234309341184
201270123
1121207440874274816
1275812937517711362
890101823461351424
1034637257217638400
916971055457202176
1048052657825431552
2477973888
1375087868520103941
1267887043
3287796217
71145164
1123156883349524482
1409182577341177857
1237688405603037184
794862328034390016
132377368
1304441499543842818
1212072445005324288
1450698662
583391460
1016733350785007616
1070983093568368640
722720173409624064
55829992
193119602
4902525513
1438431045737648132
14470784
779526542967836672
1112018170553028608
1196150505178832903
75663601
167983402
3164889771
3189954992
2976642807
2858584827
1408670753495535620
102010145
1072720705152802816
959146256336596993
543303393
1032043587247243265
1454145666108821513
1037079587237322752
1328075998877855753
360374306
1044603419904933889
312843710
216638460
971650765684002816
240995411
1069424269682188288
1029663452372058112
1324849816644382720
1211770716133003264
186685625
1219605913
2366065399
2396856942
2516290908
1947599874
104434983
84909933
2396850511
3202730908
1407192332
1238873209014849536
3146967277
129130976
64744912
4801001238
1201110979
1438306529854345220
51165962
305580608
2845624499
1259580030994300928
2745895665
1367818738041511941
1086569400570863616
2898257811
1203887463074344960
1364750022089269250
152682885
353363561
151644071
751381414877200385
726239403513942017
100731315
95075377
303151133
168551322
4409643747
1437685242538561537
776350102617223168
1112450241536712704
239947135
241090402
247050491
4601569703
216118168
796996736841580544
1192848654463193089
93862279
1376875675894824965
363486857
1367746653139140616
389919115
1334630744
498325716
114344569
1861845169
501003454
1418942265414852620
502166388
1425497591471644676
2893034765
3147307836
4868430881
2849479371
1248956474774126592
1301571788275683328
1335132220529528832
1189434113662640128
737171430543130624
2874964678
2984983043
2902295866
283552866
590198498
801113175949070337
1284614701759057920
915125816
148715139
1356722530606866433
582375974
746006123677876224
176805694
965430056049872897
1171169636718657537
336827083
2645762793
1032760908999794689
561640507
537822087
2894608971
920575642315509760
90686511
1333080092973666305
972072529715171328
1235796846
1225040778705211398
725006219220533248
70257759
2612276037
66463266
59856277
355474669
168499347
56452419
389038271
1389970025621213185
55672337
450676753
992063308139319296
1328852377089273857
1239952087527706634
79758292
130931355
1121497324247834625
395011753
178332762
922255395300806656
854199751151058944
1033380788056870912
1195050066039517184
122086086
2651610316
1146920924677136384
1355977115968090113
3352995489
1091133329771036675
2884953543
801517887735398402
58228402
67438067
54172293
354047998
14432756
3806879902
82043831
51712890
172372961
151584335
440322007
1349452169351737346
42502069
131716054
1267622705064480769
910181970134564865
1254171896402317312
1245638299592491014
1084525988250353664
139098796
34586817
282672482
98999443
205715592
1083779532308574219
2437579938
60114630
97424394
281187491
157040915
1053577454743404546
1297919834408312837
77479921
159688454
177321481
79050010
207236627
258425435
36372711
1156924277704339456
69019025
1645736942
754909625791676416
2893150425
1190408426075148290
275714335
237723876
1246169970255572992
2805410554
1197158166242484225
55928316
1139568689953607680
1058510955053809664
705051194415308800
1325146782469218304
1006294667510599680
2884739723
892915746279391233
149525735
1355484790494027777
201739469
628775705
124272417
40329047
1089933215064838145
126498058
1389918812137529351
59255708
1222951885956681731
1348768358922145792
191144807
316469790
1295718339977924609
16527774
935034935290851328
102678232
1209844904
77441762
1134942145763258368
1063563043
2684792114
1346465697778421762
1165159975804706816
1250202374481870850
1309270764848283649
1253842436239118336
75772981
369028288
1302375464418324481
58491570
101128286
399092326
59030687
859984396929159169
1383853648019480576
2441282627
857339667271831554
852586280542244866
827849008144060416
257906367
590016140
58327136
1360530316667084800
1674250578
41930428
36320722
2928889156
1245168259655221248
459168987
724480270146113536
4037230708
3926950875
743439864171995136
1016722302812213248
196229799
1380152425194094594
814183405160169472
233962372
42271371
3011110419
951167497813798918
100242637
70134660
92613487
381138769
832151749
1482555528
63497789
1278957846
72109181
471090694
19393726
5751852
16407750
28878999
346532148
308789332
1305329916066619392
268964921
14454190
184748428
135579128
789774848159584258
257441367
1155164389
53477786
804333754823147520
167109810
107723165
204160680
967437384135692288
137697014
1174498290676707328
1263454442323611651
74280226
391072901
66179076
1399920608813600769
176859552
1102685411565019136
1371260843321655304
1361487605481803776
1135646761551376384
443935633
1053681848
53436849
1402607173398638594
806295462374412288
1367542721263640585
1445143572559323143
1299157877224017920
167999129
1285546902092578816
1090383644089298944
2377589319
2385061622
1226941563340718081
589154056
2735183691
47804662
59615642
33995767
359569903
723674931695902720
55489401
97250580
1163786545133957122
4811167876
1335294980106178561
604996933
48155944
68629836
171220950
17083012
1276300526355984385
53947065
1272596781856104449
1066042158250164225
1151388890
1280087458017939457
108132719
38933220
201944259
40293800
1105670289806032897
910567432133148672
1256204266085195783
191729517
1258544384863350784
54621912
1200429794736955393
176618654
2219573186
251469757
1274005632203534338
1124572002176516097
1056850318439268352
1331670266112593924
916854859
1393609248727175169
40320649
1313502714073026561
998790834131755008
1291499106901192704
1349352690413752321
992692177783349248
222217244
132418208
3189787423
1062239046141788160
135873512
6575962
342615058
27255837
602695145
1214359223049609216
3021491215
1256663527558963200
960115453656956928
335782540
967645313048698880
2271348600
151803731
1248973627598319618
458395545
1380665350556057601
796352666096041984
4363332016
388329829
1969240051
753263822
254179307
3449900713
866175656354340865
1116420672354430981
1084150796
1181141257
1033920834409312256
2957729835
2784768431
1366403156335296515
1251982576098689030
1385522545
1341023036489740300
2694130448
1374377093287481344
306912190
1251920595908022278
1261894802876043264
1108832472874315776
1176936687504699392
1139645149355675649
1046151445194698753
1152289603799457792
1138260293853884417
1144612333697810433
1274759830297817089
1195726687482392576
1370306331790413826
390822879
1359844910329921543
1289963608731004929
1243264612331663360
1308568036262080514
1093863118797787138
1147167131731148800
2940927656
184273899
1005658176576999424
1175836344079306753
144613559
391855266
631333254
1062085419804827649
1367966502683635717
1389904563449303041
1376543419795963910
2848840833
826968455782006784
1245095120736784390
581119942
1280950526448893959
3184650612
1061330726
1278848643559120896
1142111711010414593
297602454
1136659668569378816
325296318
1231286625302458368
1139245436701675522
1250492372779180036
2759544647
1405702002701701120
1359782237907144705
918649044980977669
1137383000780394496
1239667507604213760
1390341416669351937
3279240625
1150940115709177856
1460097186
151983347
1149765710119202816
1137575156333862912
1131734016787406853
917541672539512833
1218293418281119751
420744877
1125925261965438976
326243188
1022871467309060096
1350379724
2798870870
1212524034082009088
25140470
1354846548316856323
1363503214012887047
1111443226618138625
2351257018
1187786825856962565
611435465
370529938
569596133
890673034717274112
299931665
1293679346385911808
918094106987024385
2381495898
313999835
30805676
1369674571914371074
1402550786
1129687710
1268380701558218752
2756457140
1001709223
3210919822
1258552456570642435
915679603620040704
2456882792
1386245617920401408
910123708253052929
131876014
39995167
917772762063757313
1305530192094474241
1018645255955124224
1407205204278267908
88702710
1663608300
385877448
3660328812
1393051830989463559
278907226
1039344162032832517
1430222620767580163
1355402774188441600
1171846088
1343965969505464321
1356884135587901440
1369316896655482888
1365185885034090498
92801796
1231590638
359589479
1122357330690154496
923231030160400384
1057841778588573697
2580745578
1276063238992642048
1898606095
2186146144
1376086188927279105
1223688525905911808
1012089226568130560
929271812004941824
1010406265955102721
1343854750433910784
1000837083827752965
859052715875459073
947830381482561536
964826848545865729
877494950509899776
896572495591088128
851662557026897920
1016244445187067905
4610650272
1103510455
3103695875
1043018065254838272
1032327825850880000
1119579630304935941
1102247865328513025
918869543023468544
1176885794696507394
872929884443521024
1015531122959306752
1158637051836796928
936564819343310848
1050732264366194688
1016661093715009537
935491938333184001
909709481549946882
1106822384277958656
1029788796940898304
1247592045918720002
878333727994036224
1009799892418596866
965686583704850433
1120822835243618315
1089668546001555456
1214838818156748805
4888176675
1053383091924975616
1191365088491528195
1847229163
1222403480935182341
918459690291466240
1199984814251659265
806770093912834048
1161958603374440451
1512684842
817276800233537536
832071714808983552
1215678779428761600
999632615635374080
823483084750417920
951446561262919682
1152529121987178496
1263514639033339904
2319955076
818336090998374400
1211598750843490306
1083852349683183616
915519250810523648
976928378937896962
1224753283731836930
14638577
956782859003580416
1726330495
872006044611903488
948145843407867904
1003022953943060480
16610934
1220403699186589697
1031223409223626759
1205055239297978368
826139674863403008
994886367481090051
1234844184810487808
1015530832445034496
875445843045875712
1215620282494472193
1113015522331910145
854209105111764992
966437041411100672
1338116674734727168
1037415574253563904
1048241012215336961
1039577497204084736
1101324244892483584
1125075669849919488
1041056496593895424
813364254417948672
1169979704
2194127207
1086175480615710720
1034919181
1223653765527502848
860871425548324864
751262841324212226
871323201296531457
1023754014624604160
1172559777706233856
815162827589742592
850419155488649216
968795078
1184538436461613057
1946556410
1098367400678957057
1042001429953740800
1246547146955988992
991551528933654528
267341586
801440244310691842
996815584489811969
1149024418523484161
950443548243124225
860714599812825088
1215867726419374080
1358850106242588675
1011216220706803712
1008547394521305088
1040346009807867904
1349420887439765505
841519470678016000
1051776182444789761
1099220214821072896
3185062792
370382732
337017099
900860137
1367447957520355331
1344458132282597377
1121072612527026178
1092386920649248768
1343974675219689472
893780237615550464
895131339590119424
533484272
1316306114724737025
1337047777562537985
2564997517
733831084232695808
866648414
2812667881
357020086
2400389241
1190755393116540928
1323679734681784321
1197227867253424135
366579272
949192905226407936
1284534057360130049
256619694
386306755
410596658
1204920265634959360
188873723
3115002771
2645904638
868890494369234944
1211643040072265728
136706767
1161655638407155712
175018244
1388695896494329857
1183213101254098944
192729279
1379935391952818180
2983066903
341820349
1258431110863818752
3165161980
3102110861
3314473562
934672402805592064
1253360286125502465
1120338066269511685
1918960652
1317538069638270976
4691081492
1573875408
383054705
340873476
1359280163381530630
1356316053589123072
775153059362144258
1318011204636413952
1892212711
35802298
143795703
1424382415
190375643
1161785452665417729
161527402
1418530428110184448
98228079
21999243
630618358
1371853304863588353
707462599357632512
1366576982452965378
201240797
1356897285007790080
1196412332
809454726806966272
924209805727760384
1291840194
1701646988
1346536500993937411
540069466
1387369520441008135
1351298158190616579
4841787184
423210903
1227679732097060871
539619875
1261423032
1210958525419016192
1281274643945586690
1333025311139704834
2493237601
3258927894
386449087
4897021227
1427453522359066627
834155622
703612470125076481
985699362037751810
2636856344
1544920897
1223610585738358790
4806894025
555901934
3019985958
1080523106651918336
1051248628793262080
970543664
1311439810192605184
1249955545
1404082117781430274
1013959490
1213876145101295617
1101902003679256576
1102334544
907887938679209990
272353939
2653437485
1288978422564347905
1195757953590136832
4106090463
899736790122332162
821220665869090816
1283035200721690624
1035758323
1634031104
2467108545
1323002809
2863239523
1165663318020898817
1660710090
1247900952335548418
1417074347999698946
1232419406711545858
49252369
1304362137838592001
293481971
3379187818
1183381544
417380510
597635304
935416230034464768
1407013450702888962
635588202
1392164109765029890
900514944
1353278742827831296
1034564241527894017
482223712
938296110
710748946944172032
1261015410499039233
2172557953
1390677020301053955
1380992110388768773
735216996
1070067754730958848
1407873473628758021
1434112267935641600
240383600
448041015
1475686628
876501502898184198
1384523676863827968
975801941753245698
305031943
299822130
1312199486475730944
4544019473
1270269601583169546
929871437388754945
494542760
1291349364754059265
1083705360525996032
1590996247
1410919339864297475
896828216459108353
780418405
2349782701
985621099651239936
635702537
1197268663944040448
1116020060
1327488462
485438071
1257400591128702981
142360903
171244078
1047038571415314432
2820628655
1074197861250859008
827353535385894912
1339284176214880256
274881001
3306438836
707179373418438656
1676112176
1326704996981895168
1112459637314539528
1374412151629119493
1057989871191711744
1346434040
1222291524718755840
314722869
905188746483683330
1115565221379231744
1317117603555561474
1002229429
399231710
778045033828057092
2694895650
847799940
793071405965475841
1267982563
515371565
470919829
1142903630233841664
906529768060997633
1272883170
81484701
115558584
771285091414904832
49702592
204099617
316574958
2885446187
1647573157
1137811070989586432
1024852446898675712
1181459142894145541
893097096622084096
1184931469732528129
975194781696524294
956265893645946882
1236329141882019840
1052728264291041280
3250073659
1661748480
16540733
1153576160141488128
818203818718593024
2812606826
1242449942867857408
1285474550956924934
1346626810432417796
1223493823998894080
886266013666467841
793688755458695168
1095239057179852800
1082240023267852288
1184926652129779712
1286721178825105408
898623688655998976
1919439380
1376943855921065985
1161071179
2885842997
1206940954760024068
1319731240799555584
27746796
1153629663115325440
980195042076905472
1174451010
1161256508396593154
965656364004642816
420990741
1236926014548254720
2523608698
1097143164635439105
361118382
1240629673
1048822241427906561
778899012678213636
3577311443
1208313797884203008
514483856
66645973
1081084540372860928
3790800375
1680205122
3254484081
1169509456700465153
1223268777242120192
280020602
1155314625832861696
1273354077494284288
216088342
1168979212574892034
75785154
1366915235378946050
1273416484094525440
1223280881537814528
1177156636495859712
1350214433075818497
517242318
1220364090771525633
1225319823707602947
803520499003387904
1410719820132327428
2723257836
494846515
46614859
3686196376
1316003300337123329
3016737065
289499054
1625720460
3040808199
159100567
1224239837521137665
2177016702
1224677228048474112
1412102448987000833
1237088599062892550
1057555018436493312
1062038516350271494
1141387519730356227
897891031252779008
3039574767
930910507854385153
967769800930836482
1005218244058181632
1291844822043635715
1211365478133665792
197217480
1003189695944314880
800315179237920768
1354352257995853826
1554951438
720154755436257280
1167059171587645440
1236378175183224834
1419579392242507776
